2315
2492
2486
2464
4137
1955
1953
1957
1959
1961
2974
6938
7138
1239
6978
7903
8065
8249
7834
6936
7142
1237
8251
8341
8239
8337
7032
2919
8241
8333
8243
7024
8158
8247
6976
7983
6974
7881
6940
7140
8160
8245
6934
8061
8253
8335
2923
7830
3498
7022
8154
8339
7020
8152
6942
1109
8156
6984
7905
4032
7226
8237
1235
1299
8055
1241
7797
1711
1723
1727
1715
1725
1729
1709
1719
1731
1713
1721
1733
2316
2493
2487
2465
4138
1956
1954
1958
1960
1962
2975
6939
7139
1240
6979
7904
8066
8250
7835
6937
7143
1238
8252
8342
8240
8338
7033
2920
8242
8334
8244
7025
8159
8248
6977
7984
6975
7882
6941
7141
8161
8246
6935
8062
8254
8336
2924
7831
3499
7023
8155
8340
7021
8153
6943
1110
8157
6985
7906
4033
7227
8238
1236
1300
8056
1242
7801
1712
1724
1728
1716
1726
1730
1710
1720
1732
1714
1722
1734
