376
584
753
1114
1116
1118
1120
1122
1124
1126
1128
1138
1219
1291
1293
1295
1346
1348
1350
1352
1356
1358
1370
1372
1374
1447
2092
2472
2488
2598
2600
2602
2604
2618
2620
2622
2628
3022
3023
3564
3566
3567
3569
3576
3577
3579
3580
4108
4127
4169
4181
4183
4259
4261
4400
4432
4522
4524
4526
4528
4530
4532
4534
4574
4621
4631
4635
4800
4948
4954
4956
4958
4962
4966
4968
4975
4995
4997
4999
5001
5005
5007
5009
5013
5019
5029
5031
5033
5037
5043
5045
5047
5049
5051
5053
5055
5057
5110
5116
5128
5132
5134
5138
5141
5143
5145
5147
5179
5181
5183
5185
5187
5189
5191
5193
5211
5221
5225
5241
5245
5275
5281
5283
5285
5289
5296
5303
5305
5327
5328
5336
5338
5389
5440
5502
5520
5522
5529
5533
5535
5537
5539
5546
5552
5554
5556
5560
5562
5566
5568
5570
5574
5576
5588
5590
5594
5596
5598
5602
5606
5608
5610
5612
5614
5616
5618
5620
5626
5628
5630
5676
5709
5715
5729
5768
5796
5806
5808
5816
5818
5826
5830
5832
5834
5891
5945
5981
5985
5987
5991
5993
5995
6007
6009
6013
6015
6017
6027
6029
6031
6092
6147
6248
6311
6333
6335
6337
6339
6341
6343
6345
6347
6357
6371
6375
6377
6385
6419
6421
6439
6443
6445
6449
6459
6615
6759
6763
6797
7100
7126
7560
7636
7646
7648
7652
7654
7656
7660
7662
7664
7666
7668
7670
7675
7677
7679
7681
7683
7685
7687
7691
7698
7700
7704
7706
7708
7710
7712
7720
7722
7724
7728
7730
7734
7736
7752
7770
7776
7782
7784
7786
7788
7897
7899
7901
7971
7973
8041
8043
8045
8220
8683
8693
8697
8699
8709
8717
8781
8783
8785
8787
8789
8791
8797
8801
8803
8805
8807
8809
8811
8817
8821
8833
9011
9013
9015
9017
9019
9239
9241
9243
9245
9247
9251
9255
9257
9259
9263
9267
9279
9281
9283
9285
9289
9291
9293
9295
9297
9299
9301
9303
9305
9307
9309
9553
9555
9557
9561
9563
9565
9567
9569
9571
9573
9575
9577
9579
9583
9585
9587
9589
9593
9595
9645
9651
9655
9657
9671
9675
9681
9683
9685
9689
9691
9713
9719
9725
9731
9778
9780
9946
9990
10089
10091
10093
10095
10097
10099
10101
10103
10105
10121
10123
10127
10129
10131
10133
10135
10137
10141
10143
10145
10147
10149
10161
10165
10167
10169
10171
10173
10175
10177
10179
10181
10183
10185
10187
10189
10191
10195
10197
10199
10201
10203
10205
10241
10245
10247
10370
10564
10781
10835
10849
10851
10853
10855
10857
10859
10861
10883
10885
10970
10972
10974
10976
10978
10982
10984
10986
10988
10990
10992
10994
10996
11018
11042
11044
11046
11048
11052
11054
11056
11058
11060
11062
11064
11066
11068
11070
11072
11074
11076
11082
11086
11090
11102
11106
11108
11110
11112
11114
11150
11152
11154
11156
11158
11160
11162
11164
11166
11168
11170
11172
11174
11176
11178
11180
11184
11186
11188
11190
11196
11198
11200
11202
11209
11273
11275
11277
11279
11281
11283
11285
11287
11319
11321
11323
11325
11327
11329
11331
11333
11341
11343
11345
11347
11354
11366
11448
11454
11464
11490
11492
11494
11566
